1 1.0697 0.42708 0.06053 1.8864 0.21913
2 1.4349 0.81317 0.20251 1.9334 0.86129
3 0.65448 -1.3501 0.16605 1.8862 0.39739
4 0.92429 -0.47987 0.16009 2.1535 -0.073523
6 1.0517 0.07075 0.2386 1.8174 0.2844
7 0.7681 -0.1073 0.13747 2.1106 0.84014
9 0.65653 -0.14627 0.15531 2.5826 0.40824
10 0.44823 0.12862 0.15534 2.3611 0.47961
11 1.2965 0.09235 0.14792 1.9112 0.42466
12 0.82732 0.4384 0.1101 2.6505 0.16587
13 0.7004 0.62503 0.27423 2.5436 0.44284
14 0.71433 -0.25254 0.35914 1.8516 1.0748
17 0.60933 -0.27779 0.1944 1.5854 0.054206
19 0.92371 0.75191 0.17798 1.8384 0.9739
20 0.66811 0.32589 0.17042 2.2111 0.39238
21 1.5576 0.61917 0.40181 1.689 -0.081452
22 0.77553 0.44149 0.09974 1.9992 0.17162
23 0.41812 0.07133 0.23977 1.7087 0.40961
26 0.95503 0.02229 0.10247 1.8536 -0.32978
28 1.2283 0.71386 0.17663 1.6552 0.13911
29 0.62864 -0.19634 0.13348 1.0884 0.62213
30 0.54374 0.19354 0.16348 0.97935 0.15435
31 0.7944 0.54299 0.19381 1.1036 -0.24562
33 1.2277 0.23684 0.15824 1.4329 -0.85026
34 0.62985 0.26135 0.18788 0.9344 -0.10262
35 0.64094 0.84193 0.2527 1.1001 0.47914
36 0.72336 0.11106 0.22713 0.90045 -0.62594
37 1.3131 0.38678 0.26173 0.90079 -0.72205
38 1.3126 1.3402 0.19051 1.788 0.77666
39 0.89814 0.60593 0.04797 1.7439 0.98827
40 1.0244 0.79249 0.15078 2.1893 0.83257
41 1.0358 0.90277 0.13809 2.2009 0.11058
43 1.6287 0.76614 0.08634 1.5723 0.40929
44 0.65333 1.7737 0.18485 2.0803 1.7582
45 0.98496 1.4946 0.34114 1.9895 0.50543
46 0.76596 1.4564 0.10101 1.7364 0.37494
47 1.1736 1.1792 0.12075 2.1235 1.1444
48 1.2163 1.9806 0.07031 2.4255 0.53023
49 0.70052 1.8263 0.13329 2.2705 1.0678
50 0.67355 0.14634 0.16883 2.8273 1.2051
52 0.81009 1.7397 0.12252 2.3245 0.97553
54 0.4009 2.3979 0.35105 1.6101 1.3785
55 0.84357 1.5405 0.25593 1.9937 1.0324
56 1.3518 2.1641 0.24766 1.959 0.64761
57 0.80596 2.8276 0.17457 1.6419 0.5183
60 0.588 0.86101 0.20948 1.6036 -0.11495
61 0.4036 0.49832 0.21634 1.6959 0.44054
62 1.3215 1.9576 0.1339 1.9171 0.69576
63 1.1847 1.4485 0.18725 0.90379 0.38161
64 0.44123 1.7432 0.15488 1.1115 0.53402
66 1.1688 0.88374 0.1627 1.261 -0.57792
67 0.92846 1.2151 0.12336 1.406 0.13957
68 0.61307 0.36591 0.1652 1.5151 0.00018367
69 1.0979 1.6488 0.11715 1.2977 -0.041262
70 0.84982 1.4875 0.11023 0.90108 -0.18357
71 1.1322 -0.31791 0.19446 2.0165 0.2709
72 0.97495 0.98019 0.23493 1.5558 0.66397
73 0.69126 2.4971 0.19401 2.4499 1.104
74 0.68281 1.6497 0.15245 1.8558 0.89713
75 0.82469 1.3942 0.14796 1.9411 0.67895
77 0.68755 1.5988 0.02414 2.2605 0.59735
79 0.89684 1.1071 0.0488 1.9852 1.2024
81 0.85361 1.9386 0.13769 2.4998 1.592
83 0.49003 1.6079 0.16582 2.3604 0.82519
85 0.55399 1.4621 0.24151 2.2169 1.4302
87 1.2803 1.0027 0.177 2.4437 0.89348
88 1.1812 1.3491 0.10867 2.327 0.23193
89 0.69874 0.72564 0.17166 2.1715 1.1415
90 0.94082 1.3649 0.13205 2.3658 -0.14568
91 0.84307 1.174 0.125 1.8181 0.54484
92 0.95871 0.98599 0.14041 1.8851 0.49627
93 0.84014 1.6912 0.09681 1.6311 0.40467
95 0.86893 1.6933 0.1121 1.6808 0.42598
96 0.74968 1.4663 0.10796 1.1741 0.4207
99 1.0492 0.60201 0.37138 1.0532 0.10852
100 1.111 0.2281 0.21194 0.85278 -0.0059157
101 0.60611 1.2087 0.14913 0.77573 -0.066248
102 0.73188 -0.51867 0.19567 2.2307 -0.046514
103 1.2392 -0.29981 0.14893 2.1526 0.31869
104 1.2672 1.2021 0.11882 2.0853 0.80973
105 0.5024 0.40463 0.20579 1.7691 0.40725
106 1.1627 0.46812 0.11544 1.6007 0.44503
107 0.69231 0.64974 0.19358 2.7955 1.5272
109 0.86518 0.16029 0.13495 2.1207 0.23226
110 1.0257 0.43581 0.18723 2.4897 0.23904
111 0.78287 0.65765 0.11308 2.6295 0.25029
112 0.65613 -0.11065 0.15031 2.2001 0.84313
115 0.63692 0.63063 0.16257 1.9024 0.69354
116 0.63278 0.34623 0.23674 2.209 0.57711
117 0.74667 0.67372 0.18267 2.6636 0.41279
118 0.39497 0.62977 0.22354 1.8708 0.26843
119 0.64266 0.88544 0.14677 1.8623 0.35457
122 0.60459 0.34878 0.12736 1.3808 0.53676
124 0.71913 0.45657 0.1817 1.3759 0.38627
125 1.0904 1.1582 0.11735 1.1046 0.71879
126 0.74738 0.19137 0.15182 0.78381 -0.21468
127 0.6516 0.41451 0.15302 1.2291 -0.20369
128 0.49814 0.66399 0.148 1.0351 -0.016654
129 1.0069 -0.01412 0.14549 0.73891 0.22711
130 0.97481 0.77395 0.32701 1.0376 -0.51117
131 0.56707 0.48982 0.15515 0.80676 -0.47755
132 1.0976 1.2002 0.29036 2.1176 1.3598
133 0.68508 -0.07885 0.14465 2.2493 1.1799
134 1.307 1.2348 0.15713 1.859 0.63442
135 0.6129 2.2849 0.1208 2.1166 1.0797
136 0.60935 1.0041 0.18828 2.2069 0.80976
137 0.83145 1.413 0.14831 2.8128 1.5737
140 1.8396 1.1805 0.06088 1.5484 0.6899
141 0.85678 3.0114 0.10579 1.4437 1.2415
144 0.92202 1.6699 0.14843 1.5673 1.216
145 1.3574 1.7112 0.10346 1.4701 0.40046
146 0.67775 1.5311 0.23246 1.781 0.64327
147 0.92491 0.38972 0.19559 1.9302 1.0395
148 1.0961 1.6959 0.14088 1.8005 0.58384
149 0.8497 1.1721 0.12308 1.3218 0.17738
151 0.62374 1.7332 0.18358 1.3302 0.79208
152 0.6485 1.2524 0.20387 1.9024 0.42244
155 0.80848 2.2495 0.08831 1.077 0.40537
156 0.88338 1.4246 0.18145 0.81403 0.12449
157 0.77101 0.35618 0.17607 2.0638 0.66395
158 0.77761 -0.48536 0.17744 2.119 0.38791
159 0.70872 0.18871 0.17784 2.1315 0.36212
160 0.5737 0.97141 0.20739 3.0062 0.92042
161 1.0737 0.61815 0.05486 2.3711 0.86758
162 0.52649 0.65378 0.13968 1.8773 0.35161
164 0.57314 0.57066 0.13816 2.0244 0.45286
167 0.41012 0.56215 0.19414 2.158 0.57975
168 0.83786 1.2561 0.16494 2.4081 0.70672
169 1.123 0.1532 0.13356 2.2862 0.76651
170 0.99132 0.79884 0.23577 2.0657 0.5173
171 0.85695 0.84299 0.22185 1.9419 0.24488
172 0.50821 0.24164 0.12603 1.5799 0.12168
174 0.88549 0.67988 0.15413 1.2587 -0.23744
177 1.092 0.77706 0.19778 1.172 -0.6761
178 0.64489 1.3524 0.14895 0.86162 -0.11168
179 1.0187 -0.69258 0.17206 1.6704 0.86747
180 0.9383 2.2206 0.30138 2.0441 0.85222
181 0.74783 1.5904 0.11978 2.053 1.8024
182 0.7247 1.5192 0.12882 2.2005 0.93293
184 0.62024 2.8141 0.08929 3.1329 0.13358
185 0.81229 2.1927 0.05855 1.8031 0.80654
186 0.90929 2.0901 0.206 2.112 0.49058
189 1.0179 0.96568 0.21532 1.7659 1.1154
190 1.2378 0.89399 0.198 2.0654 0.35425
191 0.9891 1.7961 0.06652 1.5013 1.3448
192 1.5144 1.0707 0.12069 2.0768 0.80166
196 1.4526 0.7754 0.14277 1.3838 0.16394
197 0.74981 2.1155 0.14631 2.7644 1.2695
199 0.82068 1.7716 0.12078 2.8317 0.79053
201 0.79974 2.1152 0.13249 1.9439 0.69575
202 0.65038 2.7877 0.13891 1.8638 1.1431
203 1.6149 2.0897 0.26199 2.0564 0.62709
204 1.1095 0.20745 0.12925 1.6214 0.84252
205 0.97789 1.8877 0.07946 1.5192 0.61745
206 0.99629 1.5997 0.14467 1.1071 0.29471
207 0.83179 1.0697 0.15666 2.3424 0.76979
208 0.85406 1.3814 0.18777 2.0569 0.90881
209 0.99255 0.50219 0.11622 1.4019 0.30508
210 0.92986 0.75775 0.13652 2.0089 0.59814
211 0.70759 0.80782 0.09955 1.933 0.36847
212 1.1517 0.72219 0.12099 2.0575 0.71953
214 1.4529 0.90273 0.1904 1.477 0.62622
215 0.66841 1.3576 0.1125 1.9055 0.52564
217 0.61341 0.16995 0.05013 2.1393 0.68228
219 1.3331 1.1585 0.14101 2.0772 0.6649
220 1.0407 0.7934 0.25252 1.9189 0.5766
221 1.1179 1.2897 0.05839 2.0038 0.2678
223 1.2562 1.264 0.13195 1.9181 0.86341
224 0.75888 0.86692 0.16637 2.0821 -0.061513
225 1.3662 0.78786 0.06128 1.44 -0.04131
227 0.83313 0.83518 0.15059 1.643 -0.18142
228 1.0104 1.2274 0.12289 1.4448 0.79604
229 1.2251 0.77302 0.13132 1.2735 -0.048511
230 0.60934 1.1383 0.10186 1.1506 0.26632
231 0.33505 1.2133 0.17881 1.193 -0.039033
232 0.9629 0.77931 0.10679 0.88364 0.2362
233 0.88943 1.0212 0.14976 1.0168 -0.68545
234 1.1895 0.02496 0.17804 2.3297 0.21619
235 0.68514 2.8463 0.10745 2.0096 1.1333
236 0.60364 0.98576 0.14931 2.3563 0.29053
237 0.43954 1.5099 0.19918 2.0001 1.6128
239 0.8409 2.788 0.09908 1.834 1.1612
240 0.89233 2.3596 0.1316 1.9941 1.2842
241 0.79804 1.8992 0.25109 2.6288 0.88187
242 0.95667 0.87164 0.12319 2.4608 1.0234
243 1.3061 1.1628 0.07469 1.9495 0.39205
244 0.43036 1.6233 0.16802 1.4288 0.81861
245 0.60728 1.0686 0.13692 1.7229 0.64391
246 0.82143 1.0681 0.1125 1.5504 0.063278
247 0.7511 1.4363 0.12335 0.98074 -0.080163
248 1.1397 1.259 0.28527 1.8151 1.0247
249 1.1079 -0.24629 0.14933 1.6933 0.069975
250 1.4157 0.48337 0.10899 1.7342 0.13112
251 0.68878 0.56178 0.17981 2.497 1.2517
252 0.7654 1.3081 0.09884 2.3705 0.80109
253 0.70431 1.5921 0.1586 2.3545 1.2198
254 0.54759 0.69325 0.16978 1.9452 0.33106
256 1.0643 0.93833 0.18673 2.7295 0.77083
257 0.96958 0.75273 0.41053 1.6638 0.0594
258 0.89803 0.61694 0.12922 1.8217 0.87756
259 0.60885 0.03772 0.16656 1.0008 -0.12823
260 0.76179 0.721 0.15666 0.78007 -0.47558
261 0.79155 -0.25347 0.17102 1.934 0.047334
262 0.87798 -0.15144 0.14971 2.6339 1.0468
263 0.63353 -0.86541 0.16706 1.8916 0.066253
264 0.80554 -0.12265 0.11933 2.4627 0.12837
266 0.97272 -0.65767 0.16182 1.9129 0.32015
267 0.55259 -0.78727 0.16448 1.4724 0.074642
268 0.30161 -4.0671 0.25416 2.2697 -0.52159
270 0.48133 -2.0782 0.5 1.8472 0.4352
271 0.52931 -0.53599 0.16766 1.5042 -0.0025203
272 0.50676 -0.16272 0.13969 1.7855 -0.018681
273 0.73717 -0.82398 0.15676 2.3427 0.35602
274 0.55132 -1.84 0.08518 1.4127 0.13454
275 0.56166 -1.8468 0.1581 1.5445 0.18924
276 0.55071 -0.49538 0.19552 1.1437 -0.024829
277 0.32197 -1.7908 0.18231 1.5109 -0.17451
278 0.39449 -1.0994 0 1.3381 -0.052798
279 0.86495 -0.91128 0.1496 1.4884 -0.5279
280 1.1587 -0.88458 0.12721 1.4434 -0.30474
281 0.66038 -0.78545 0.15198 1.1362 -0.66697
282 0.577 -1.269 0.15346 1.0583 -0.27051
283 0.48804 -1.629 0.1636 0.95646 0.078218
284 1.014 -0.09525 0.15834 0.98375 -0.89009
285 0.92849 1.7482 0.08001 2.2764 0.69213
287 0.97513 2.1375 0.11985 2.5178 0.93051
288 1.4093 0.98492 0.20584 2.0715 0.50703
289 0.68856 1.632 0.14128 1.5416 0.80671
290 0.66638 2.0722 0.22308 1.4663 0.59125
292 0.74016 0.35897 0.18121 1.088 0.6595
293 1.0089 0.61644 0.23779 1.9275 0.81465
294 0.68945 -1.0454 0.15762 1.9434 0.14518
295 0.62226 -0.22305 0.4 2.2109 0.87136
296 1.2419 0.33958 0.10334 1.7721 -0.053493
297 0.5458 1.0062 0.20648 2.5033 0.60919
298 0.72954 0.03825 0.13528 2.1585 0.86683
300 1.2256 1.0051 0.13252 2.1787 0.22051
301 0.98486 1.1662 0.13305 1.4262 0.64864
302 1.0464 0.83993 0.10407 0.95011 0.0737
304 1.0943 0.65622 0.10565 1.0815 -0.59032
305 1.0943 0.98021 0.33455 0.8986 -0.36645
306 0.82535 -0.25644 0.17059 1.777 0.56422
307 0.97552 -0.19867 0.26612 2.0741 0.3672
310 0.62069 0.90208 0.16817 2.2705 0.6731
311 0.94964 1.3838 0.14297 2.1528 0.61835
312 0.80583 1.4265 0.11167 1.7825 0.71053
313 0.70851 1.0337 0.16951 1.4811 0.04125
315 1.0378 0.38611 0.12289 0.81709 0.15343
316 0.6612 2.9761 0.1275 2.4206 0.94778
317 0.70402 2.0102 0.05427 1.8345 1.4996
318 0.99333 2.2517 0.17543 1.4983 0.4689
319 0.50362 1.1423 0.09323 1.8096 0.47614
320 1.213 1.6643 0.17251 0.98522 0.33048
321 0.93875 0.16904 0.13405 1.9996 0.31815
322 0.82116 0.65868 0.1411 2.2691 0.48732
325 0.83511 0.69985 0.11868 2.1415 0.39041
326 0.96642 0.13815 0.14153 1.8443 0.8593
327 0.31575 0.03888 0.02069 2.0064 -0.22687
328 1.281 -0.26833 0.19368 1.7248 -0.30134
329 0.60955 0.16947 0.21881 1.7672 0.040344
330 0.94413 0.40868 0.11807 0.85855 0.33755
332 1.0373 0.08602 0.15824 0.7924 -0.092656
333 0.52645 -0.01585 0.14803 0.79817 0.16732
334 0.60572 -0.55913 0.09099 0.84695 -0.79299
335 1.261 1.5559 0.14122 2.0447 1.0879
336 1.2394 1.3105 0.13839 1.6085 0.60122
337 1.572 1.5181 0.25539 2.1249 0.66365
338 1.0862 1.8924 0.14963 1.8696 0.53264
339 0.82016 1.3282 0.3238 2.1529 0.47555
340 1.511 0.74262 0.19165 1.1554 -0.092784
341 0.95337 -0.69172 0.17363 1.8482 0.75299
342 0.61442 -0.30989 0.1929 2.398 -0.040303
343 0.68576 -0.44304 0.17113 2.2339 0.35335
344 0.80063 -0.91805 0.1731 1.9549 0.37091
345 0.6725 -0.26354 0.16525 2.1213 0.39801
346 1.5488 -0.29245 0.23623 1.4961 0.10995
347 0.42075 -0.19145 0.13741 2.6392 0.78267
348 0.3611 -0.29391 0.18532 1.8719 0.25949
349 0.59339 -0.76734 0.1467 2.755 1.0985
350 0.39787 -0.83997 0.03111 1.9389 0.29724
351 0.37748 -0.59411 0.19131 2.0992 0.12721
352 1.1198 -0.60934 0.14252 1.6008 0.75139
353 0.64362 -0.01518 0.14355 1.9986 -0.069618
354 0.77119 0.61997 0.1867 1.5327 0.15356
355 1.0306 -0.39605 0.17251 1.4553 0.081163
356 0.63681 -0.76052 0.17314 1.4287 0.9419
357 0.69048 -0.34675 0.15364 1.3838 0.37523
358 0.49429 -1.4607 0.16135 0.9819 -0.055246
359 0.63667 -0.03341 0.13799 1.115 -0.34756
360 1.1281 -0.31641 0.14716 1.1379 -0.41971
361 0.92779 -0.72484 0.18797 1.0859 -0.68956
362 0.49396 -1.405 0.16639 0.86719 -0.0064397
363 0.88785 0.14618 0.13591 1.7383 0.81129
364 1.5016 2.493 0.10835 1.9202 1.0423
366 0.81317 1.5733 0.18078 2.1504 0.8208
367 0.40883 1.9876 0.19765 1.4084 0.48192
368 1.0162 -0.49469 0.14736 1.857 -0.066756
369 1.1135 0.03185 0.21618 2.0401 0.73934
370 0.68836 1.9841 0.07355 1.6347 0.81945
372 0.48875 1.6871 0.13448 2.1328 0.56754
373 0.48289 0.57686 0.1877 2.5483 0.50003
374 0.86073 0.64229 0.14805 2.0402 0.66633
375 0.51002 0.79076 0.14285 2.1927 0.46552
376 0.80688 0.25614 0.10753 1.6087 -0.20567
377 0.68611 -0.30689 0.11829 1.8344 -0.37075
378 0.54591 -0.49746 0.16992 1.2274 0.39265
379 0.49833 -0.23575 0.16292 1.8639 -0.1031
380 0.68213 -0.79268 0.15101 2.1482 -0.32545
381 0.60532 -1.3001 0.16683 0.90772 0.15879
382 0.68112 -0.68144 0.16644 1.2075 0.39783
383 0.59399 -0.50032 0.16931 1.0077 -0.49895
384 0.57498 -1.5856 0.15406 1.2081 -0.72301
385 0.58263 -0.28841 0.09205 1.8917 0.39254
386 0.74183 1.4731 0.1363 2.4625 0.67954
387 1.0439 1.4698 0.05047 1.7684 0.63158
388 1.2281 0.9206 0.1443 2.0625 1.0656
389 0.59309 1.0132 0.17472 2.1717 0.36311
390 1.3559 0.98451 0.08175 1.8394 0.23672
391 1.0519 0.59844 0.19668 1.9538 0.3964
392 0.57591 0.75231 0.1499 2.2215 0.43893
393 1.1806 0.6015 0.19288 2.4558 1.2502
395 0.71762 1.7809 0.13413 1.7826 0.67473
396 0.827 2.0288 0.19701 1.1619 0.46104
398 0.87747 1.1818 0.23462 2.2453 0.67382
399 0.79326 1.4583 0.12404 1.2762 0.60556
400 1.1829 0.11723 0.15294 2.2093 0.48989
401 1.2923 0.71461 0.18043 2.1206 1.0366
403 1.5992 0.39914 0.15386 2.1423 0.60441
405 0.6697 0.48517 0.20721 2.2732 0.49525
406 0.85125 0.84091 0.15694 2.2174 0.43255
407 1.2261 0.66205 0.11287 2.4123 0.3683
408 0.78487 0.51346 0.15032 1.7634 0.23494
409 0.73964 0.08058 0.14447 1.04 -0.22096
410 0.24683 -0.63172 0.18267 0.94811 -0.88008
412 1.0003 2.7653 0.13092 2.108 1.038
413 0.8933 2.6298 0.07605 1.9694 1.3063
414 0.7918 1.0188 0.09786 1.8352 0.68057
415 0.8768 2.058 0.16098 1.7967 0.74217
416 1.1476 0.93616 0.06393 1.8287 1.2303
417 0.83994 1.7694 0.17678 2.0037 1.1028
418 1.2246 0.72206 0.15281 2.1208 0.57938
419 0.50302 0.61731 0.16223 2.3282 0.14438
420 0.80128 -0.00415 0.14293 2.6316 1.2773
421 0.54493 -1.2858 0.18518 1.5206 -0.095895
422 0.53661 0.1098 0.16955 2.1372 0.27088
423 0.60525 -0.83844 0.09429 2.0545 0.95874
424 0.82937 -0.3865 0.12941 1.6223 0.32981
425 0.84625 -0.28643 0.15063 1.9418 0.041172
426 0.95409 -1.1665 0.15956 1.8115 0.52693
427 1.1835 -0.34689 0.13052 0.79966 -0.037213
428 0.57998 -0.76851 0.17075 1.5992 -0.11279
430 0.54469 -1.0087 0.15227 0.95526 0.068467
431 0.37247 -0.28954 0.21412 0.80009 0.14819
432 1.052 -0.30671 0.15626 0.97385 -0.47914
433 0.70249 0.36158 0.11211 2.0531 0.58183
435 0.65305 0.99757 0.17575 1.9987 0.14607
436 0.60249 0.37845 0.12227 2.559 0.98434
437 0.80915 1.1007 0.24241 2.5762 0.43124
438 1.1241 -0.00539 0.20756 1.2435 -0.67392
439 0.84641 0.37749 0.137 0.84375 -0.5289
440 0.40545 2.7032 0.219 1.9071 1.044
442 0.79724 0.35988 0.10183 2.5171 0.7295
443 0.97244 0.16582 0.14656 1.9341 0.14059
444 0.92692 0.17283 0.14617 1.9387 0.16814
445 1.1232 1.1284 0.14269 1.9315 1.1104
446 0.72057 -0.28537 0.15956 2.3074 0.2165
447 0.92755 0.63201 0.27304 2.3115 1.3657
448 0.72828 0.41305 0.19472 2.2518 0.089675
449 1.2389 0.61267 0.06439 1.9813 0.91081
450 0.89865 0.96669 0.12112 1.9515 0.017358
451 0.68002 0.76162 0.16756 2.3922 0.47557
452 1.1805 1.5719 0.12083 2.0118 0.73361
453 0.62197 0.85819 0.13585 1.2717 -0.083166
454 0.9828 1.1036 0.30045 1.0318 -0.64672
455 0.67065 -0.4304 0.14343 1.8048 -0.066479
456 0.86261 -0.73696 0.16132 1.7539 0.117
457 0.65169 -1.1578 0.13949 2.2401 0.66614
458 0.59304 -0.60666 0.16609 2.4255 0.14354
459 1.3626 -0.5146 0.14265 1.852 -0.28201
460 0.42786 -1.1084 0.15733 1.4868 0.012287
461 0.66677 -0.82408 0.16718 2.16 0.73759
462 0.72669 -1.6724 0.16014 1.8128 0.0016158
463 0.61384 -0.4057 0.13674 2.1164 0.1518
464 1.0339 0.14324 0.11373 2.6791 0.28479
465 1.0346 -0.293 0.25733 1.675 -0.62306
466 0.66331 0.20027 0.05429 2.1507 0.11071
467 1.0014 -0.83575 0.14378 1.7977 0.079801
468 0.61348 -0.30617 0.187 1.6974 0.063934
469 1.1471 -0.21523 0.22246 1.8711 0.58082
470 0.54217 -0.27256 0.15818 1.8703 -0.10134
471 0.79388 -0.01871 0.17128 1.4626 0.67173
472 0.76286 -0.07334 0.16246 0.97438 0.45932
473 0.56721 0.36325 0.17377 1.2415 -0.58667
474 1.2501 -0.05263 0.1592 0.7557 -0.32955
475 0.9668 0.21968 0.19469 0.89993 -0.69387
476 0.82066 -0.19523 0.18366 2.2035 0.37836
477 0.63967 0.05421 0.1517 1.8257 -0.27195
478 0.98112 0.22364 0.27636 0.89397 0.52821
479 1.2966 0.18456 0.18917 0.85282 -0.25925
480 0.85003 0.17619 0.12402 0.86835 -0.64933
481 1.2899 0.63468 0.13464 1.7193 0.56267
482 0.54012 1.1083 0.18427 2.3485 0.85632
483 0.8499 0.15245 0.16665 1.2267 0.36528
484 0.89939 0.97357 0.20447 1.1588 0.2191
485 0.80671 -0.81927 0.17841 1.6104 0.143
486 0.85495 -0.69537 0.39085 2.115 0.0028228
487 0.49175 -2.2524 0.15012 1.5127 0.28234
488 0.64302 -0.81545 0.14562 2.1943 0.29946
489 0.67217 -2.3372 0.16376 1.9088 0.59207
490 0.59233 -2.4049 0.16488 1.2199 -0.086856
491 0.95562 -1.3764 0.1543 1.104 0.33006
492 0.52505 -1.6146 0.17077 1.195 -0.28967
493 0.54266 -1.2849 0.20609 1.1116 0.43078
494 0.75766 -0.3613 0.18117 0.76642 -0.041456
495 0.64928 -1.4717 0.15973 0.86432 0.090315
496 0.94115 -0.12199 0.15066 1.0869 -0.39666
497 0.77177 0.1749 0.09001 0.83838 -0.77394
498 0.69629 -0.1725 0.18562 2.5556 0.29767
499 1.062 0.17146 0.15476 2.3759 0.65492
500 0.98537 0.34641 0.16681 1.0328 0.53512
501 0.40293 -0.08857 0.15622 0.93295 0.11397
502 0.56192 -0.08161 0.18037 0.966 -0.089816
503 1.2156 0.573 0.198 2.0993 0.087666
504 0.95135 0.35913 0.15539 2.1028 1.3365
505 0.5366 -0.78808 0.16419 2.3186 -0.016456
506 1.059 -0.28296 0.19821 1.4031 -0.30104
507 0.81036 -0.58028 0.16929 1.7155 0.59419
508 1.3292 -0.35381 0.15816 1.1311 0.16573
509 0.94377 0.02796 0.13857 0.71582 0.10765
510 0.87583 0.04496 0.12744 0.88621 -0.51929
511 0.41543 -0.27512 0.15015 2.2527 0.094041
512 1.1149 1.1983 0.11904 2.1738 0.27031
513 0.95592 -0.98126 0.15647 2.344 -0.27552
514 0.93547 -0.60116 0.14811 1.6986 0.92439
515 0.97736 -0.19243 0.10399 2.2833 0.68244
516 0.51793 -0.28153 0.16426 1.4832 0.83508
517 0.94388 -0.61181 0.15169 1.1324 -0.077146
518 0.80154 0.17955 0.17358 2.1065 0.2455
519 1.1622 1.2695 0.06202 2.4296 0.51642
520 1.0022 1.5985 0.13177 1.1548 0.33916
521 0.86386 0.58144 0.18456 1.8889 0.58751
522 0.8548 0.49198 0.14941 2.1022 1.2608
523 0.64484 -0.13978 0.14953 1.7563 0.30104
524 0.72009 -0.97182 0.16384 2.4854 -0.42631
525 0.8701 0.15442 0.24299 2.0151 0.32685
526 0.94591 -0.42378 0.16231 2.4002 0.76016
527 0.87394 -0.18586 0.15175 2.3248 1.283
528 0.66063 -0.05907 0.14998 1.9601 -0.085757
529 0.90736 0.07603 0.18232 2.2051 0.87633
530 0.7211 -0.50463 0.13346 2.4546 0.58401
531 0.43092 -0.75551 0.20167 1.8625 0.27157
532 0.80231 -0.45934 0.26505 2.2021 1.0477
533 0.70921 -1.173 0.14035 1.7303 0.58806
534 0.66533 -0.91043 0.16625 2.0992 0.0022923
535 0.87503 -1.3797 0.1488 1.6316 -0.0063079
536 0.54649 -1.6658 0.16592 0.82342 0.28131
537 0.88631 -0.63369 0.16498 1.3432 -0.001896
538 0.56566 -1.8475 0.16923 1.2044 -0.57651
539 0.80866 -2.0244 0.15761 0.91293 -0.36633
540 0.87186 1.7915 0.07487 3.1856 0.86529
541 0.84502 0.57956 0.20138 0.94921 -0.10106
542 0.6993 -0.82676 0.22912 1.8788 -0.0051235
543 0.69673 -1.933 0.1677 1.6411 0.0065862
544 0.41028 -1.2942 0 1.9317 -0.44255
545 1.3439 0.63717 0.09084 2.1883 1.0407
546 0.79708 2.3443 0.27321 2.1914 0.78075
547 0.85354 0.38429 0.18752 1.558 0.67948
548 1.0131 -0.02573 0.1412 2.274 -0.1129
549 0.89474 0.52411 0.16729 2.1158 0.14466
550 0.83939 0.39042 0.11603 2.3345 0.95706
551 1.1551 0.49576 0.20792 2.1413 1.0769
552 0.48958 0.89778 0.12113 1.9008 0.97224
553 0.72149 -0.18593 0.15696 1.9522 0.16651
554 0.76653 -2.9302 0.16186 2.4304 0.18847
555 0.6522 -2.3905 0.1626 2.0969 0.34223
556 0.54471 -1.3184 0.15987 0.91334 0.43284
557 0.36769 0.40516 0.16203 0.98748 0.59428
558 0.55021 0.26454 0.18038 2.4555 0.19956
559 0.64615 -0.829 0.19185 0.78046 -0.093617
560 1.1579 0.01778 0.13261 1.1171 -0.18987
561 1.4438 2.2149 0.22183 1.7772 0.89688
562 1.1315 0.39114 0.14175 1.9569 0.62337
563 1.6283 0.8409 0.14227 1.7596 0.32868
564 1.1686 0.40298 0.1064 1.3927 0.35429
565 0.43868 -0.11006 0.16752 1.022 0.18675
566 1.0853 -0.57705 0.18697 1.4439 -0.21108
567 0.9796 -0.30596 0.15574 1.9735 0.48318
568 1.3349 0.15668 0.16543 1.8388 0.22948
569 1.2374 1.8394 0.13641 1.4669 0.44175
570 0.86782 -0.20674 0.14072 0.86502 -0.10522
571 0.61469 -0.66869 0.15446 0.75876 -0.16185
572 0.26111 -2.3877 0.17318 1.497 -0.34361
573 0.58913 -1.8963 0.16061 1.713 0.35133
574 0.809 -1.807 0.1643 1.8676 -0.43908
575 0.49854 -0.68871 0.18778 1.7355 -0.13764
576 0.63542 -0.50109 0.1725 1.6933 -0.048062
577 1.0515 -0.24342 0.36961 1.302 -0.73005
578 0.89048 -0.19602 0.25448 1.9299 -0.27759
579 0.62995 -0.82799 0.20356 1.7186 0.024961
580 0.65458 -0.63187 0.11881 1.0192 0.20657
581 0.71958 -1.5055 0.16748 1.1805 0.24547
582 1.5859 1.5274 0.25454 1.1485 -0.11308
583 0.90049 0.20468 0.19299 2.1275 0.79003
584 0.68346 -0.12496 0.19506 2.3043 0.33624
585 0.9935 -0.53871 0.13963 1.2083 0.72904
586 1.287 0.8107 0.12693 1.5358 0.5482
587 1.0688 -0.38715 0.15526 0.85327 -0.17131
588 1.6487 1.9182 0.05469 1.2667 0.42593
589 0.44717 -1.1595 0.15678 2.5889 1.0162
590 0.51981 -0.34522 0.07995 1.6966 0.077099
591 1.0279 -1.2974 0.15378 1.6221 -0.061507
592 0.69249 -2.0963 0.16009 0.91723 -0.024104
593 0.40352 -1.8387 0.17212 1.0088 -0.041353
594 0.68347 -1.0778 0.14443 1.7111 0.46371
595 0.49302 -0.26101 0.08571 2.7252 0.98253
596 0.61827 -1.2661 0.15652 2.3039 0.62121
597 0.6869 -1.3915 0.15315 2.0249 -0.17348
598 0.70689 -1.4688 0.15992 1.398 0.44547
599 0.47513 -0.56491 0.17369 0.75635 -0.25385
600 0.62145 -0.30684 0.15418 2.3209 1.2634
601 0.54107 -1.1637 0.15988 1.6814 0.48583
602 0.66739 0.24305 0.17335 1.7543 0.49725
603 0.81315 -1.9932 0.16269 1.3393 0.49333
604 0.91967 -0.14513 0.27486 2.0613 0.080878
605 0.85173 0.21856 0.14375 2.1123 0.40771
606 0.80241 0.41481 0.14002 1.7224 1.0634
607 0.69604 -0.25908 0.16344 0.99779 0.50117
608 0.76317 -0.61725 0.13918 2.5435 1.0168
609 0.53548 -1.3538 0.15471 0.97955 -0.028423
610 0.82552 -3.2362 0.16126 1.8102 -0.20171
611 0.89248 -1.8283 0.17317 1.0411 -0.8103
612 0.57833 -2.3888 0.162 0.92148 -0.24695
613 1.1824 0.9687 0.23108 1.5076 0.9876
614 0.57273 -2.7112 0.16304 0.83075 -0.20568
615 0.40456 -0.7154 0.17616 2.2016 0.41394
616 0.78099 -0.89081 0.15715 2.6213 -0.09809
617 0.88362 -0.59857 0.1717 1.977 0.10577
618 0.71775 -1.8992 0.06821 0.95933 0.09892
619 0.43466 -2.7214 0.16681 1.2155 -0.10533
620 0.47419 -0.82986 0.16886 2.6491 0.99368
